I 1 8816.746095693
E 0 2 0 0.000051262 94209341588032 8
E 0 3 0 0.000060342 94209341588064 8
E 0 4 0 0.000062297 94209341588096 8
E 0 5 0 0.000064183 94209341588128 8
E 0 6 0 0.000066138 94209341588160 8
E 0 7 0 0.000068024 94209341588192 8
E 0 8 0 0.000069979 94209341588224 8
E 0 9 0 0.000071865 94209341588256 8
E 0 10 0 0.000073751 94209341588288 8
E 0 11 0 0.000075636 94209341588320 8
E 0 12 0 0.000077522 94209341588352 8
E 0 13 0 0.000079408 94209341588384 8
E 0 14 0 0.000081293 94209341587640 384
E 0 15 0 0.000083668 94209341588416 8
E 0 16 0 0.000085554 94209341587640 32
E 0 17 0 0.000088906 94209341588032 4
L 0 18 0 0.000090862 94209341588416 4
E 0 19 0 0.000091839 94209341587640 32
E 0 20 0 0.000093236 94209341587640 32
E 0 21 0 0.000095192 94209341588036 4
E 0 22 0 0.000096658 94209341587640 32
E 0 23 0 0.000098544 94209341588416 4
L 0 24 0 0.000100499 94209341588032 4
E 0 25 0 0.000102315 94209341588420 4
L 0 26 0 0.000103782 94209341588036 4
E 0 27 0 0.000105668 94209341588424 4
E 0 28 0 0.000107553 94209341587640 32
E 0 29 0 0.000109509 94209341588428 4
E 0 30 0 0.000111394 94209341588032 8
E 0 31 0 0.000113280 94209341587672 32
E 0 32 0 0.000115166 94209341588064 4
L 0 33 0 0.000116563 94209341588032 4
E 0 34 0 0.000118448 94209341587672 32
E 0 35 0 0.000120404 94209341587672 32
E 0 36 0 0.000122289 94209341588068 4
E 0 37 0 0.000123756 94209341587672 32
E 0 38 0 0.000125223 94209341588032 4
L 0 39 0 0.000127178 94209341588064 4
E 0 40 0 0.000129064 94209341588036 4
L 0 41 0 0.000130531 94209341588068 4
E 0 42 0 0.000132416 94209341588040 4
E 0 43 0 0.000134302 94209341587672 32
E 0 44 0 0.000136188 94209341588044 4
E 0 45 0 0.000138073 94209341588064 8
E 0 46 0 0.000139470 94209341587704 32
E 0 47 0 0.000140937 94209341588096 4
L 0 48 0 0.000142892 94209341588064 4
E 0 49 0 0.000144708 94209341587704 32
E 0 50 0 0.000146664 94209341587704 32
E 0 51 0 0.000147571 94209341588100 4
E 0 52 0 0.000149457 94209341587704 32
E 0 53 0 0.000151832 94209341588064 4
L 0 54 0 0.000153787 94209341588096 4
E 0 55 0 0.000155254 94209341588068 4
L 0 56 0 0.000157209 94209341588100 4
E 0 57 0 0.000158676 94209341588072 4
E 0 58 0 0.000161539 94209341587704 32
E 0 59 0 0.000162936 94209341588076 4
E 0 60 0 0.000165311 94209341588096 8
E 0 61 0 0.000167196 94209341587736 32
E 0 62 0 0.000169501 94209341588128 4
L 0 63 0 0.000171457 94209341588096 4
E 0 64 0 0.000173342 94209341587736 32
E 0 65 0 0.000175298 94209341587736 32
E 0 66 0 0.000177184 94209341588132 4
E 0 67 0 0.000179558 94209341588096 8
E 0 68 0 0.000181933 94209341587768 32
E 0 69 0 0.000183818 94209341588160 4
L 0 70 0 0.000185285 94209341588096 4
E 0 71 0 0.000187171 94209341587768 32
E 0 72 0 0.000189126 94209341587768 32
E 0 73 0 0.000190104 94209341588164 4
E 0 74 0 0.000192548 94209341588096 8
E 0 75 0 0.000193945 94209341587800 32
E 0 76 0 0.000195831 94209341588192 4
L 0 77 0 0.000197297 94209341588096 4
E 0 78 0 0.000199183 94209341587800 32
E 0 79 0 0.000201488 94209341587800 32
E 0 80 0 0.000203373 94209341588196 4
E 0 81 1 0.000204770 94209341588448 96
E 0 82 1 0.000206656 94209341588448 8
L 0 83 1 0.000208611 94209341588448 8
L 0 84 1 0.000210567 94209341588448 8
E 0 85 1 0.000212453 94209341588448 8
E 0 86 1 0.000213849 94209341588456 8
L 0 87 1 0.000215805 94209341588456 8
L 0 88 1 0.000217691 94209341588456 8
E 0 89 1 0.000219646 94209341588456 8
E 0 90 1 0.000221602 94209341588464 8
L 0 91 1 0.000223557 94209341588464 8
L 0 92 1 0.000225443 94209341588464 8
E 0 93 1 0.000227817 94209341588464 8
E 0 94 1 0.000229284 94209341588472 8
L 0 95 1 0.000231589 94209341588472 8
E 0 96 1 0.000233893 94209341588472 8
E 0 97 1 0.000235290 94209341588480 8
L 0 98 1 0.000237176 94209341588480 8
E 0 99 1 0.000239062 94209341588480 8
E 0 100 1 0.000241017 94209341588488 8
L 0 101 1 0.000243950 94209341588488 8
E 0 102 1 0.000246325 94209341588488 8
L 1 103 0 0.000248700 94209341587640 32
L 1 104 1 0.000251144 94209341588448 8
L 1 105 0 0.000252611 94209341587672 32
L 1 106 1 0.000254566 94209341588456 8
L 1 107 0 0.000256941 94209341588036 4
L 1 108 1 0.000258826 94209341588448 8
L 1 109 1 0.000404023 94209341588456 8
L 1 110 0 0.000406398 94209341588036 4
L 1 111 1 0.000407795 94209341588448 8
L 1 112 0 0.000409750 94209341588040 4
L 1 113 1 0.000411636 94209341588464 8
L 1 114 1 0.000413591 94209341588456 8
L 1 115 0 0.000415547 94209341588044 4
L 1 116 1 0.000417502 94209341588480 8
L 1 117 1 0.000419388 94209341588456 8
L 1 118 0 0.000421274 94209341588044 4
L 1 119 1 0.000423578 94209341588480 8
L 1 120 0 0.000425534 94209341588048 4
L 1 121 1 0.000427839 94209341588448 8
L 1 122 1 0.000429794 94209341588456 8
L 1 123 0 0.000431680 94209341588048 4
L 1 124 1 0.000434054 94209341588448 8
L 1 125 1 0.000435940 94209341588456 8
L 1 126 0 0.000437826 94209341587704 32
L 1 127 1 0.000439781 94209341588464 8
L 1 128 0 0.000442156 94209341588068 4
L 1 129 1 0.000444111 94209341588448 8
L 1 130 1 0.000446067 94209341588464 8
L 1 131 0 0.000448022 94209341588068 4
L 1 132 1 0.000450886 94209341588448 8
L 1 133 0 0.000452772 94209341588072 4
L 1 134 1 0.000455076 94209341588456 8
L 1 135 1 0.000457451 94209341588464 8
L 1 136 0 0.000458848 94209341588072 4
L 1 137 1 0.000460244 94209341588456 8
L 1 138 0 0.000461641 94209341588076 4
L 1 139 1 0.000463597 94209341588488 8
L 1 140 1 0.000465552 94209341588464 8
L 1 141 0 0.000467438 94209341588076 4
L 1 142 1 0.000469324 94209341588488 8
L 1 143 0 0.000471279 94209341588080 4
L 1 144 1 0.000473165 94209341588448 8
L 1 145 1 0.000474631 94209341588464 8
L 1 146 0 0.000476587 94209341588080 4
L 1 147 1 0.000478542 94209341588448 8
L 1 148 1 0.000479939 94209341588464 8
L 1 149 0 0.000481895 94209341587736 32
L 1 150 1 0.000483292 94209341588472 8
L 1 151 0 0.000485177 94209341588132 4
L 1 152 1 0.000487063 94209341588448 8
L 1 153 1 0.000488460 94209341588472 8
L 1 154 0 0.000490345 94209341588132 4
L 1 155 1 0.000492161 94209341588448 8
L 1 156 0 0.000494117 94209341588136 4
L 1 157 1 0.000496002 94209341588448 8
L 1 158 1 0.000498447 94209341588472 8
L 1 159 0 0.000500332 94209341588136 4
L 1 160 1 0.000502707 94209341588448 8
L 1 161 1 0.000504174 94209341588472 8
L 1 162 0 0.000506618 94209341587768 32
L 1 163 1 0.000508574 94209341588480 8
L 1 164 0 0.000510459 94209341587800 32
L 1 165 1 0.000512415 94209341588488 8
L 2 166 1 0.000514789 94209341588456 8
L 2 167 1 0.000516675 94209341588448 8
L 2 168 1 0.000518072 94209341588464 8
L 2 169 1 0.000520446 94209341588448 8
L 2 170 1 0.000522262 94209341588472 8
L 2 171 1 0.000524148 94209341588448 8
L 2 172 1 0.000526522 94209341588480 8
L 2 173 1 0.000527919 94209341588448 8
L 2 174 1 0.000529805 94209341588488 8
L 2 175 1 0.000532179 94209341588448 8
L 2 176 1 0.000534065 94209341588464 8
L 2 177 1 0.000535951 94209341588456 8
L 2 178 1 0.000537348 94209341588472 8
L 2 179 1 0.000539303 94209341588456 8
L 2 180 1 0.000540770 94209341588480 8
L 2 181 1 0.000543144 94209341588456 8
L 2 182 1 0.000545100 94209341588488 8
L 2 183 1 0.000546985 94209341588480 8
E 2 184 1 0.000549360 94209341588480 8
E 2 185 1 0.000551246 94209341588456 8
L 2 186 1 0.000552642 94209341588472 8
L 2 187 1 0.000554947 94209341588464 8
L 2 188 1 0.000556763 94209341588480 8
L 2 189 1 0.000558160 94209341588472 8
L 2 190 1 0.000559626 94209341588488 8
L 2 191 1 0.000561512 94209341588480 8
E 2 192 1 0.000563398 94209341588488 8
E 2 193 1 0.000564795 94209341588464 8
L 2 194 1 0.000566680 94209341588480 8
L 2 195 1 0.000568636 94209341588472 8
L 2 196 1 0.000570521 94209341588488 8
L 2 197 1 0.000571988 94209341588480 8
E 2 198 1 0.000573944 94209341588480 8
E 2 199 1 0.000575340 94209341588472 8
L 2 200 1 0.000577296 94209341588488 8
L 2 201 1 0.000578693 94209341588480 8
L 2 202 1 0.000587283 94209341588448 8
L 2 203 1 0.000593429 94209341588456 8
L 2 204 1 0.000595315 94209341588464 8
L 2 205 1 0.000596781 94209341588472 8
L 2 206 1 0.000598667 94209341588480 8
L 2 207 1 0.000600553 94209341588488 8
F 208 8816.746711121 0.000615428
